ARRAY ARRYA2{16} _temporary_ (
0.000000046472 0.004042576673 0.000000168704 0.000003977050
0.000000077378 0.000000976073 0.000000171599 0.000000686546
0.000000248253 0.000000008201 0.000000011667 0.000000090964
0.000000002278 0.000018929350 0.000002357798 0.000009105012
);
ARRAY ARRYA3{16} _temporary_ (
0.000667458791 0.322612683994 0.001068265392 0.005184971347
0.000553647837 0.003318783619 0.001419642944 0.002679598621
0.001740362102 0.000138779893 0.000159707888 0.000481792418
0.000156692945 0.015221570466 0.005839602745 0.009382307740
);
