*-- SIGNAL VARIANCE --*;
ARRAY ARRYP2{31} _temporary_ (
 0.000165079592   0.001052477406   0.000218287092   0.000218287092   0.000048815435   0.005621675075   0.000521005083 
 0.000000000000   0.000000566392   0.000106011437   0.000411647862   0.000000199362   0.000697009542   0.000580204326 
 0.002908013619   0.015642523950   0.031493385226   0.001008474657   0.000095909753   0.000113817027   0.000372516853 
 1.000000000000   1.000000000000   1.000000000000   1.000000000000   1.000000000000   0.000025054175   0.000000176561 
 0.000729701808   1.000000000000   1.000000000000 
);
*-- REFERENCE RATE --*;
ARRAY ARRYP3{31} _temporary_ (
 0.040113871636   0.028260714030   0.025751651611   0.025751651611   0.036837631057   0.365217391304   0.045304388863 
 0.230714285714   0.007798367970   0.025415000032   0.057567736992   0.000673561085   0.056368713439   0.030756288084 
 0.083230085107   0.212607632614   0.219105988040   0.047701218158   0.022357947987   0.025289245431   0.035017527061 
 1.000000000000   1.000000000000   1.000000000000   1.000000000000   1.000000000000   0.021280191196   0.004407203110 
 0.058546969151   1.000000000000   1.000000000000 
);

/* IQI 

 
08  09  09a 09b 11 11a 11b
11c 11d 12  13  14  15  16
17  17a 17b 17c 18  19  20
21  22  23  24  25  30  31
32  33  34  

*/
 