ARRAY ARRYP3 {14} _temporary_ (				
0.040113871636	0.028260714030	0.036837631057	0.025415000032	0.057567736992
0.000673561085	0.021280191196	0.004407203110	0.056368713439	0.030756288084
0.083230085107	0.022357947987	0.025289245431	0.035017527061	
);				
				
ARRAY ARRY1{36} _temporary_(				
0.10258981011	0.00000000000	0.00000000000	0.00000000000	0.00000000000
0.00000000000	0.00000000000	0.00000000000	1.31779094946	0.00000000000
0.00000000000	0.00000000000	0.00000000000	0.00000000000	0.00000000000
0.03597276129	0.00000000000	0.00000000000	0.00000000000	0.00000000000
0.00000000000	0.16412415091	0.00000000000	0.00000000000	0.00000000000
0.00000000000	0.12421314245	0.00000000000	0.00000000000	0.00000000000
0.43942868782	0.00000000000	0.00000000000	0.05532597234	0.00000000000
0.05148418810				
);				
				
ARRAY ARRY3{21} _temporary_(				
0.21936254619	0.00000000000	0.00000000000	0.00000000000	0.00000000000
0.00000000000	0.61335671220	0.00000000000	0.00000000000	0.00000000000
0.00000000000	0.41979354726	0.00000000000	0.00000000000	0.00000000000
0.19186638349	0.00000000000	0.00000000000	0.17796536709	0.00000000000
0.051484188				
);				


ARRAY ARRY10{8,8} _temporary_ (
01 02 03 04 05 06 07 08 
00 09 10 11 12 13 14 15 
00 00 16 17 18 19 20 21 
00 00 00 22 23 24 25 26 
00 00 00 00 27 28 29 30 
00 00 00 00 00 31 32 33 
00 00 00 00 00 00 34 35 
00 00 00 00 00 00 00 36 
);

ARRAY ARRY11{6,6} _temporary_ (
01 02 03 04 05 06 
00 07 08 09 10 11 
00 00 12 13 14 15 
00 00 00 16 17 18 
00 00 00 00 19 20 
00 00 00 00 00 21 
);
 
/* IQI 
08  09  11  12  13  
14  30  31  15  16  
17  18  19  20      
*/
 