ARRAY ARRYP3 {11} _temporary_ (				
0.000508724793	0.000338572888	0.000209883182	0.000044762584	0.005146603971
0.000714672085	0.010087897080	0.005051315318	0.009569829765	0.001855983796
0.002175136400	
);			

ARRAY ARRY1{66} _temporary_(				
1.65181023405	0.00000000000	0.00000000000	0.00000000000	0.00000000000
0.00000000000	0.00000000000	0.00000000000	0.00000000000	0.00000000000
0.00000000000	0.26053025407	0.00000000000	0.00000000000	0.00000000000
0.00000000000	0.00000000000	0.00000000000	0.00000000000	0.00000000000
0.00000000000	0.74599980104	0.00000000000	0.00000000000	0.00000000000
0.00000000000	0.00000000000	0.00000000000	0.00000000000	0.00000000000
0.28697069312	0.00000000000	0.00000000000	0.00000000000	0.00000000000
0.00000000000	0.00000000000	0.00000000000	0.11320899776	0.00000000000
0.00000000000	0.00000000000	0.00000000000	0.00000000000	0.00000000000
0.46933939348	0.00000000000	0.00000000000	0.00000000000	0.00000000000
0.00000000000	0.27756125120	0.00000000000	0.00000000000	0.00000000000
0.00000000000	0.27206615856	0.00000000000	0.00000000000	0.00000000000
0.19783419097	0.00000000000	0.00000000000	0.40878418200	0.00000000000
0.25128833841							
);				


ARRAY ARRY10{11,11} _temporary_ (
01 02 03 04 05 06 07 08 09 10 11 
00 12 13 14 15 16 17 18 19 20 21 
00 00 22 23 24 25 26 27 28 29 30 
00 00 00 31 32 33 34 35 36 37 38 
00 00 00 00 39 40 41 42 43 44 45 
00 00 00 00 00 46 47 48 49 50 51 
00 00 00 00 00 00 52 53 54 55 56 
00 00 00 00 00 00 00 57 58 59 60 
00 00 00 00 00 00 00 00 61 62 63 
00 00 00 00 00 00 00 00 00 64 65 
00 00 00 00 00 00 00 00 00 00 66 
);

/* PSI 

03  06  07  08  09  
10  11  12  13  14  
15                  
                    

*/