ARRAY ARRYP3 {11} _temporary_ (				
0.000508724793	0.000338572888	0.000209883182	0.000044762584	0.005146603971
0.000714672085	0.010087897080	0.005051315318	0.009569829765	0.001855983796
0.002175136400				
);

ARRAY ARRY1{66} _temporary_(				
0.36837011914	0.00000000000	0.00000000000	0.00000000000	0.00000000000
0.00000000000	0.00000000000	0.00000000000	0.00000000000	0.00000000000
0.00000000000	0.21728920963	0.00000000000	0.00000000000	0.00000000000
0.00000000000	0.00000000000	0.00000000000	0.00000000000	0.00000000000
0.00000000000	0.59415985462	0.00000000000	0.00000000000	0.00000000000
0.00000000000	0.00000000000	0.00000000000	0.00000000000	0.00000000000
0.01548181114	0.00000000000	0.00000000000	0.00000000000	0.00000000000
0.00000000000	0.00000000000	0.00000000000	0.09907757405	0.00000000000
0.00000000000	0.00000000000	0.00000000000	0.00000000000	0.00000000000
0.40720922796	0.00000000000	0.00000000000	0.00000000000	0.00000000000
0.00000000000	0.26083102352	0.00000000000	0.00000000000	0.00000000000
0.00000000000	0.17194944771	0.00000000000	0.00000000000	0.00000000000
0.20428905794	0.00000000000	0.00000000000	0.42708053345	0.00000000000
0.25627052703							
);

ARRAY ARRY10{11,11} _temporary_ (
01 02 03 04 05 06 07 08 09 10 11 
00 12 13 14 15 16 17 18 19 20 21 
00 00 22 23 24 25 26 27 28 29 30 
00 00 00 31 32 33 34 35 36 37 38 
00 00 00 00 39 40 41 42 43 44 45 
00 00 00 00 00 46 47 48 49 50 51 
00 00 00 00 00 00 52 53 54 55 56 
00 00 00 00 00 00 00 57 58 59 60 
00 00 00 00 00 00 00 00 61 62 63 
00 00 00 00 00 00 00 00 00 64 65 
00 00 00 00 00 00 00 00 00 00 66 
);

/* PSI 

03  06  07  08  09  
10  11  12  13  14  
15                  
                    

*/