0064   106 
0074   5   
0310   5   
0312   5   
0363   19  
0402   31  
042    1   
0460   55  
04611  55  
04619  55  
0462   55  
0463   55  
04671  55  
04672  55  
04679  55  
0468   55  
0469   55  
0522   72  
05310  83  
05311  83  
05312  83  
05313  83  
05314  72  
05319  83  
05474  72  
07022  25  
07023  25  
07032  25  
07033  25  
07044  25  
07054  25  
0785   5   
0786   126 
07953  1   
0993   41  
1124   5   
1125   5   
11284  5   
1140   106 
1144   106 
1145   106 
11505  106 
11515  106 
11595  106 
1173   5   
1175   5   
1177   5   
118    5   
1212   106 
1221   106 
1300   5   
1304   5   
1308   5   
1361   41  
1363   5   
1510   10  
1511   10  
1512   10  
1513   10  
1514   10  
1515   10  
1516   10  
1518   10  
1519   10  
1520   11  
1521   11  
1522   11  
1523   11  
1528   11  
1529   11  
1550   10  
1551   10  
1552   10  
1560   11  
1561   11  
1562   11  
1568   11  
1569   11  
1570   10  
1571   10  
1572   10  
1573   10  
1574   10  
1578   10  
1579   10  
1580   11  
1588   11  
1589   11  
1620   10  
1622   10  
1623   10  
1624   10  
1625   10  
1628   10  
1629   10  
1630   10  
1631   10  
1638   10  
1639   10  
1700   11  
1701   11  
1702   11  
1703   11  
1704   11  
1705   11  
1706   11  
1707   11  
1708   11  
1709   11  
1710   10  
1712   10  
1713   10  
1714   10  
1715   9   
1716   10  
1717   10  
1718   10  
1719   10  
1740   10  
1741   10  
1742   10  
1743   10  
1744   10  
1745   10  
1746   10  
1748   10  
1749   10  
1750   10  
1759   10  
1760   10  
1761   10  
1762   10  
1763   10  
1764   10  
1765   10  
1768   10  
1769   10  
185    11  
1890   10  
1891   10  
1910   11  
1911   11  
1912   11  
1913   11  
1914   11  
1915   11  
1916   11  
1917   11  
1918   11  
1919   11  
1920   11  
1921   11  
1922   11  
1923   11  
1928   11  
1929   11  
193    11  
1940   11  
1941   11  
1943   11  
1944   11  
1945   11  
1946   11  
1948   11  
1949   11  
1963   11  
1969   11  
1970   10  
1971   10  
1972   10  
1973   10  
1974   10  
1975   10  
1976   10  
1977   10  
1978   10  
1980   11  
1981   11  
1985   10  
1986   11  
1987   11  
19889  11  
1990   11  
20300  9   
20301  9   
20302  9   
20310  9   
20311  9   
20312  9   
20380  9   
20381  9   
20382  9   
20400  11  
20401  11  
20402  11  
20510  8   
20511  8   
20512  8   
20520  8   
20521  8   
20522  8   
20530  8   
20531  8   
20532  8   
20580  8   
20581  8   
20582  8   
20590  8   
20591  8   
20592  8   
20600  11  
20601  11  
20602  11  
20610  8   
20611  8   
20612  8   
20620  8   
20621  8   
20622  8   
20680  8   
20681  8   
20682  8   
20690  8   
20691  8   
20692  8   
20700  11  
20701  11  
20702  11  
20710  8   
20711  8   
20712  8   
20720  8   
20721  8   
20722  8   
20780  8   
20781  8   
20782  8   
20800  11  
20801  11  
20802  11  
20900  11  
20901  11  
20902  11  
20903  11  
20910  11  
20911  11  
20912  11  
20913  11  
20914  11  
20915  11  
20916  11  
20917  11  
20920  11  
20921  11  
20922  11  
20923  11  
20924  11  
20925  11  
20926  11  
20927  11  
20929  11  
20930  11  
20931  11  
20932  11  
20933  11  
20934  11  
20935  11  
20936  11  
20970  11  
20972  10  
20973  10  
20974  10  
20975  11  
20979  11  
2250   11  
2251   11  
2252   11  
2253   11  
2254   11  
2258   11  
2259   11  
2273   11  
2274   11  
22802  11  
2386   9   
23872  48  
23873  9   
23874  9   
23875  48  
23876  9   
23877  50  
23879  50  
2400   20  
2409   20  
2410   20  
2411   20  
2419   20  
24200  20  
24201  20  
24210  20  
24211  20  
24220  20  
24221  20  
24230  20  
24231  20  
24240  20  
24241  20  
24280  20  
24281  20  
24290  20  
24291  20  
243    20  
2440   20  
2441   20  
2442   20  
2443   20  
2448   20  
2449   20  
2450   20  
2451   20  
2452   20  
2453   20  
2454   20  
2458   20  
2459   20  
2460   20  
2461   20  
2462   20  
2463   20  
2468   20  
2469   20  
24900  15  
24901  15  
24910  14  
24911  14  
24920  14  
24921  14  
24930  14  
24931  14  
24940  14  
24941  14  
24950  14  
24951  14  
24960  14  
24961  14  
24970  14  
24971  14  
24980  14  
24981  14  
24990  14  
24991  14  
25000  15  
25001  15  
25002  15  
25003  15  
25010  14  
25011  14  
25012  14  
25013  14  
25020  14  
25021  14  
25022  14  
25023  14  
25030  14  
25031  14  
25032  14  
25033  14  
25040  14  
25041  14  
25042  14  
25043  14  
25050  14  
25051  14  
25052  14  
25053  14  
25060  14  
25061  14  
25062  14  
25063  14  
25070  14  
25071  14  
25072  14  
25073  14  
25080  14  
25081  14  
25082  14  
25083  14  
25090  14  
25091  14  
25092  14  
25093  14  
2514   31  
2515   31  
2518   31  
2519   31  
25200  19  
25201  19  
25202  19  
25208  19  
2521   19  
2528   19  
2529   19  
2530   18  
2531   18  
2532   18  
2533   18  
2534   18  
2535   18  
2536   19  
2537   19  
2538   19  
2539   19  
2540   19  
2541   19  
2548   19  
2549   19  
2550   19  
25510  19  
25511  19  
25512  19  
25513  19  
25514  19  
2552   19  
2553   19  
25541  19  
25542  19  
2555   19  
2556   19  
2558   19  
2559   19  
25801  19  
25802  19  
25803  19  
2581   19  
2588   19  
2589   19  
2592   11  
2680   45  
2682   45  
2700   19  
2701   19  
2702   19  
2703   19  
2704   19  
2705   19  
2706   19  
2707   19  
2708   19  
2709   19  
2710   18  
2711   19  
2714   19  
2718   19  
2719   19  
2720   23  
2721   23  
2722   23  
2723   23  
2724   23  
2725   23  
2728   23  
2729   23  
2734   18  
27501  19  
27503  19  
27509  19  
2751   19  
2753   19  
27700  103 
27701  103 
27702  103 
27703  103 
27709  103 
2771   19  
2772   19  
2775   18  
2776   18  
27781  19  
27782  19  
27783  19  
27784  19  
27785  19  
27786  19  
27787  19  
27789  19  
27801  21  
27803  21  
27900  49  
27901  49  
27902  49  
27903  49  
27904  49  
27905  49  
27906  49  
27909  49  
27910  49  
27911  49  
27912  49  
27913  49  
27919  49  
2792   49  
2793   49  
27941  49  
27949  49  
27950  49  
27951  49  
27952  49  
27953  49  
2798   49  
2799   49  
28241  50  
28242  50  
28260  50  
28261  47  
28262  47  
28263  50  
28264  50  
28268  50  
28269  50  
2830   50  
28310  50  
28311  50  
28319  50  
2832   50  
2839   50  
28401  50  
28409  50  
2842   50  
28481  50  
28489  50  
2849   50  
2850   50  
2860   50  
2861   50  
28952  50  
28981  50  
28982  50  
28983  9   
2900   55  
29010  55  
29011  55  
29012  55  
29013  55  
29020  55  
29021  55  
2903   55  
29040  55  
29041  55  
29042  55  
29043  55  
2908   55  
2909   55  
2940   55  
29410  55  
29411  55  
29420  55  
29421  55  
2948   55  
2949   55  
29500  58  
29501  58  
29502  58  
29503  58  
29504  58  
29505  58  
29510  58  
29511  58  
29512  58  
29513  58  
29514  58  
29515  58  
29520  58  
29521  58  
29522  58  
29523  58  
29524  58  
29525  58  
29530  58  
29531  58  
29532  58  
29533  58  
29534  58  
29535  58  
29540  58  
29541  58  
29542  58  
29543  58  
29544  58  
29545  58  
29550  58  
29551  58  
29552  58  
29553  58  
29554  58  
29555  58  
29560  58  
29561  58  
29562  58  
29563  58  
29564  58  
29565  58  
29570  58  
29571  58  
29572  58  
29573  58  
29574  58  
29575  58  
29580  58  
29581  58  
29582  58  
29583  58  
29584  58  
29585  58  
29590  58  
29591  58  
29592  58  
29593  58  
29594  58  
29595  58  
29600  59  
29601  59  
29602  59  
29603  59  
29604  59  
29605  59  
29606  59  
29610  59  
29611  59  
29612  59  
29613  59  
29614  59  
29615  59  
29616  59  
29620  60  
29621  60  
29622  60  
29623  60  
29624  60  
29625  60  
29626  60  
29630  60  
29631  60  
29632  60  
29633  60  
29634  60  
29635  60  
29636  60  
29640  59  
29641  59  
29642  59  
29643  59  
29644  59  
29645  59  
29646  59  
29650  59  
29651  59  
29652  59  
29653  59  
29654  59  
29655  59  
29656  59  
29660  59  
29661  59  
29662  59  
29663  59  
29664  59  
29665  59  
29666  59  
2967   59  
29680  59  
29681  59  
29682  59  
29689  59  
29690  59  
29699  59  
29900  65  
29901  65  
29910  65  
29911  65  
29980  65  
29981  65  
29990  65  
29991  65  
30001  63  
30002  63  
30010  63  
30011  63  
30012  61  
30013  61  
30014  61  
30015  61  
30016  63  
30019  63  
30020  63  
30021  63  
30022  63  
30023  63  
30029  63  
3003   61  
3004   62  
3006   61  
3007   63  
30081  63  
30082  63  
30089  63  
30110  62  
30111  62  
30112  62  
30113  62  
3013   61  
3014   61  
30183  61  
3071   61  
30723  61  
3073   61  
30751  61  
3091   62  
30981  61  
311    62  
31200  61  
31201  61  
31202  61  
31203  61  
31210  61  
31211  61  
31212  61  
31213  61  
31220  61  
31221  61  
31222  61  
31223  61  
31230  61  
31231  61  
31232  61  
31233  61  
31234  61  
31235  61  
31239  61  
3124   61  
31281  61  
31282  61  
31289  61  
3129   61  
31381  61  
31400  61  
31401  61  
3141   61  
3142   61  
3148   61  
3149   61  
317    68  
3180   67  
3181   66  
3182   66  
319    68  
3210   5   
32302  72  
32342  72  
32352  72  
32363  72  
32372  72  
32382  72  
3300   55  
3301   55  
3302   55  
3303   55  
3308   55  
3309   55  
3310   54  
33111  55  
33119  55  
3312   55  
3316   55  
3317   55  
33181  55  
33182  55  
33189  55  
3319   55  
3320   76  
3321   76  
3340   72  
3341   72  
3342   72  
3343   72  
3344   72  
3348   72  
3349   72  
3350   72  
33510  72  
33511  72  
33519  72  
33520  71  
33521  71  
33522  71  
33523  71  
33524  71  
33529  71  
3358   72  
3359   72  
3360   72  
3361   72  
3362   72  
3363   72  
3368   72  
3369   72  
33700  74  
33701  74  
33709  74  
3371   74  
33720  74  
33721  74  
33722  74  
33729  74  
3373   74  
3379   74  
340    75  
3410   75  
3411   75  
34120  72  
34121  72  
34122  72  
34210  98  
34211  98  
34212  98  
34460  72  
34461  72  
34500  79  
34501  78  
34510  79  
34511  78  
3452   79  
3453   79  
34540  79  
34541  78  
34550  79  
34551  78  
34560  79  
34561  78  
34570  79  
34571  78  
34580  79  
34581  78  
34590  79  
34591  78  
34600  81  
34601  81  
34602  81  
34603  81  
34610  81  
34611  81  
34612  81  
34613  81  
34620  81  
34621  81  
34622  81  
34623  81  
34630  81  
34631  81  
34632  81  
34633  81  
34640  81  
34641  81  
34642  81  
34643  81  
34650  81  
34651  81  
34652  81  
34653  81  
34660  81  
34661  81  
34662  81  
34663  81  
34670  81  
34671  81  
34672  81  
34673  81  
34680  81  
34681  81  
34682  81  
34683  81  
34690  81  
34691  81  
34692  81  
34693  81  
34700  156 
34701  156 
34710  156 
34711  156 
3501   83  
3502   83  
3508   83  
3509   83  
3560   74  
3561   74  
3562   74  
3563   74  
3564   74  
3568   74  
3569   74  
3570   74  
3571   74  
3572   74  
3573   74  
3574   74  
3575   74  
3576   74  
3577   74  
35781  74  
35782  74  
35789  74  
3579   74  
35800  71  
35801  71  
3581   71  
3582   71  
35830  71  
35831  71  
35839  71  
3588   71  
3589   71  
35922  74  
35923  74  
35924  74  
35929  74  
3593   74  
3594   74  
3595   74  
3596   74  
35971  74  
35979  74  
35981  74  
35989  74  
3599   74  
36201  111 
36202  111 
36203  111 
36204  111 
36205  111 
36206  111 
36207  111 
36510  113 
36511  113 
36512  113 
36513  113 
36514  113 
36515  113 
36641  14  
39891  87  
4010   88  
4011   88  
4019   88  
40200  88  
40201  87  
40210  88  
40211  87  
40290  88  
40291  87  
40300  125 
40301  122 
40310  125 
40311  122 
40390  125 
40391  122 
40400  125 
40401  125 
40402  122 
40403  122 
40410  125 
40411  125 
40412  122 
40413  122 
40490  125 
40491  125 
40492  122 
40493  122 
40501  88  
40509  88  
40511  88  
40519  88  
40591  88  
40599  88  
41000  89  
41001  89  
41002  89  
41010  89  
41011  89  
41012  89  
41020  89  
41021  89  
41022  89  
41030  89  
41031  89  
41032  89  
41040  89  
41041  89  
41042  89  
41050  89  
41051  89  
41052  89  
41060  89  
41061  89  
41062  89  
41070  89  
41071  89  
41072  89  
41080  89  
41081  89  
41082  89  
41090  89  
41091  89  
41092  89  
4110   89  
4111   89  
41181  89  
41189  89  
412    89  
4130   89  
4131   89  
4139   89  
41400  89  
41401  89  
41402  89  
41403  89  
41404  89  
41405  89  
41406  89  
41407  89  
41410  89  
41411  89  
41412  89  
41419  89  
4142   89  
4143   89  
4144   89  
4148   89  
4149   89  
4150   86  
41511  100 
41512  100 
41513  100 
41519  100 
4160   86  
4161   86  
4162   100 
4168   86  
4169   86  
4170   86  
4171   86  
4178   86  
4179   86  
4250   87  
42511  87  
42518  87  
4252   87  
4253   87  
4254   87  
4255   87  
4257   87  
4258   87  
4259   87  
4270   93  
4272   93  
42731  93  
42732  93  
4280   87  
4281   87  
42820  87  
42821  87  
42822  87  
42823  87  
42830  87  
42831  87  
42832  87  
42833  87  
42840  87  
42841  87  
42842  87  
42843  87  
4289   87  
4290   87  
4291   87  
4295   89  
4296   89  
43300  97  
43301  97  
43310  97  
43311  97  
43320  97  
43321  97  
43330  97  
43331  97  
43380  97  
43381  97  
43390  97  
43391  97  
43400  97  
43401  97  
43410  97  
43411  97  
43490  97  
43491  97  
4350   97  
4351   97  
4352   97  
4353   97  
4358   97  
4359   97  
436    97  
4370   97  
4371   97  
4372   88  
4374   97  
4375   97  
4376   97  
4378   97  
4379   97  
4400   101 
4401   101 
44020  101 
44021  101 
44022  101 
44029  101 
44030  101 
44031  101 
44032  101 
4404   101 
4431   101 
44381  101 
44382  101 
44389  101 
4439   101 
4460   42  
4461   42  
44620  42  
44621  42  
44629  42  
4463   42  
4464   42  
4465   42  
4466   42  
4467   42  
45111  100 
45119  100 
45181  100 
45183  100 
4530   100 
4532   100 
4533   100 
45340  100 
45341  100 
45342  100 
45350  100 
45351  100 
45352  100 
45372  100 
45374  100 
45375  100 
45376  100 
45377  100 
45382  100 
45384  100 
45385  100 
45386  100 
45387  100 
4820   106 
4821   106 
48240  106 
48241  106 
48242  106 
48249  106 
48281  106 
48282  106 
48283  106 
48284  106 
48289  106 
4841   5   
4846   5   
4847   106 
4910   104 
4911   104 
49120  104 
49121  104 
49122  104 
4918   104 
4919   104 
4920   104 
4928   104 
49300  104 
49301  104 
49302  104 
49310  104 
49311  104 
49312  104 
49320  104 
49321  104 
49322  104 
49381  104 
49382  104 
49390  104 
49391  104 
49392  104 
4940   105 
4941   105 
496    104 
5080   105 
5081   105 
5082   105 
5088   105 
5089   105 
5100   106 
5109   106 
5130   106 
5131   106 
515    105 
5160   105 
5161   105 
5162   105 
51630  105 
51631  105 
51632  105 
51633  105 
51634  105 
51635  105 
51636  105 
51637  105 
5164   105 
5165   105 
51661  105 
51662  105 
51663  105 
51664  105 
51669  105 
5168   105 
5169   105 
5171   105 
5172   105 
5173   50  
5178   105 
5181   104 
5182   104 
5186   105 
5300   33  
53010  33  
53011  33  
53012  33  
53013  33  
53019  33  
5303   33  
5304   33  
5305   33  
5306   33  
53081  33  
53083  33  
53084  33  
53085  33  
53089  33  
5309   33  
5550   32  
5551   32  
5552   32  
5559   32  
5560   32  
5561   32  
5562   32  
5563   32  
5564   32  
5565   32  
5566   32  
5568   32  
5569   32  
5771   30  
5772   31  
5778   31  
5779   31  
5790   31  
5791   31  
5792   31  
5793   31  
5794   31  
5798   31  
5799   31  
5800   126 
5804   126 
58081  126 
58089  126 
5809   126 
5810   126 
5811   126 
5812   126 
5813   126 
58181  126 
58189  126 
5819   126 
5820   126 
5821   126 
5822   126 
5824   126 
58281  126 
58289  126 
5829   126 
5830   126 
5831   126 
5832   126 
5834   126 
5836   126 
5837   126 
58381  126 
58389  126 
5839   126 
5851   125 
5852   125 
5853   124 
5854   123 
5855   122 
5856   121 
5859   125 
5880   45  
5881   18  
58881  19  
6944   145 
6960   40  
6961   147 
6962   147 
70710  142 
70711  142 
70712  142 
70713  142 
70714  142 
70715  142 
70719  142 
7078   142 
7079   142 
7100   42  
7101   42  
7102   42  
7103   42  
7104   42  
7105   42  
7108   42  
7109   42  
71110  41  
71111  41  
71112  41  
71113  41  
71114  41  
71115  41  
71116  41  
71117  41  
71118  41  
71119  41  
71120  41  
71121  41  
71122  41  
71123  41  
71124  41  
71125  41  
71126  41  
71127  41  
71128  41  
71129  41  
7140   41  
7141   41  
7142   41  
71430  41  
71431  41  
71432  41  
71433  41  
7144   41  
71481  41  
71489  41  
7149   41  
7200   42  
7201   42  
7202   42  
72081  42  
72089  42  
7209   42  
73300  45  
73301  45  
73302  45  
73303  45  
73309  45  
73310  45  
73311  45  
73312  45  
73313  45  
73314  45  
73315  45  
73316  45  
73319  45  
73340  38  
73341  38  
73342  38  
73343  38  
73344  38  
73345  38  
73349  38  
7400   72  
7401   72  
7402   72  
74100  72  
74101  72  
74102  72  
74103  72  
74190  72  
74191  72  
74192  72  
74193  72  
7420   72  
7421   72  
7422   72  
7423   72  
7424   72  
74251  72  
74253  72  
74259  72  
7428   72  
7429   72  
74685  89  
75314  125 
75683  42  
7581   68  
7582   68  
75831  68  
75832  68  
75833  68  
75839  68  
7585   68  
7595   10  
7596   10  
75981  68  
75982  42  
75983  68  
78031  80  
78032  80  
78033  80  
78039  80  
99656  121 
99668  121 
99673  121 
99681  120 
99682  167 
99683  167 
99684  166 
99685  167 
99686  168 
99687  167 
99688  167 
99702  97  
V08    1   
V420   120 
V421   167 
V426   166 
V427   167 
V4281  167 
V4282  167 
V4283  168 
V4284  167 
V4511  121 
V4512  121 
V560   121 
V561   121 
V562   121 
V5631  121 
V5632  121 
V568   121 
V5867  15  
V8541  21  
V8542  21  
V8543  21  
V8544  21  
V8545  21  
