ARRAY ARRYP3 {8} _temporary_ (				
0.000500275444	0.000286038818	0.000126702772	0.032099975496	0.005533142509
0.014739613730	0.001115217249	0.000806724756		
);				
				
				
ARRAY ARRY1{36} _temporary_(				
0.88976341001	0.00000000000	0.00000000000	0.00000000000	0.00000000000
0.00000000000	0.00000000000	0.00000000000	60352.7391329	0.00000000000
0.00000000000	0.81287964384	0.00000000000	0.00000000000	0.00000000000
1.62325037898	0.00000000000	0.00000000000	0.00000000000	0.00000000000
0.00000000000	0.89181656142	0.00000000000	0.00000000000	0.00000000000
0.00000000000	0.71119933456	0.00000000000	0.00000000000	0.00000000000
0.29806453465	0.00000000000	0.00000000000	0.86345564558	0.00000000000
0.81287964384				
			
);				


ARRAY ARRY10{8,8} _temporary_ (
01 02 03 04 05 06 07 08 
00 09 10 11 12 13 14 15 
00 00 16 17 18 19 20 21 
00 00 00 22 23 24 25 26 
00 00 00 00 27 28 29 30 
00 00 00 00 00 31 32 33 
00 00 00 00 00 00 34 35 
00 00 00 00 00 00 00 36 
);
 
/* PDI 

01  02  05  08  09  
10  11  12          
            

*/