ARRAY ARRYP3 {8} _temporary_ (				
0.000559221423	0.000948687994	0.000150368961	0.032099975496	0.005891630055
0.018801362457	0.001115217249	0.001158265357		
);

ARRAY ARRY1{36} _temporary_(				
0.64694434739	0.00000000000	0.00000000000	0.00000000000	0.00000000000
0.00000000000	0.00000000000	0.00000000000	0.82462294738	0.00000000000
0.00000000000	0.73804171632	0.00000000000	0.00000000000	0.00000000000
1.52873682707	0.00000000000	0.00000000000	0.00000000000	0.00000000000
0.00000000000	0.39580485714	0.00000000000	0.00000000000	0.00000000000
0.00000000000	0.66697200264	0.00000000000	0.00000000000	0.00000000000
0.26076143936	0.00000000000	0.00000000000	0.86357062420	0.00000000000
0.73804171632								
);

ARRAY ARRY10{8,8} _temporary_ (
01 02 03 04 05 06 07 08 
00 09 10 11 12 13 14 15 
00 00 16 17 18 19 20 21 
00 00 00 22 23 24 25 26 
00 00 00 00 27 28 29 30 
00 00 00 00 00 31 32 33 
00 00 00 00 00 00 34 35 
00 00 00 00 00 00 00 36 
);
 
/* PDI 

01  02  05  08  09  
10  11  12          
            

*/
